T,Bi-209,Bi-210,Po-210
0,[0.0006959 0.        0.       ]
1,[6.95895890e-04 1.02852938e-10 7.26229609e-12]
2,[6.95895780e-04 1.92423773e-10 2.77364162e-11]
3,[6.95895670e-04 2.70427711e-10 5.96455262e-11]
4,[6.95895559e-04 3.38358463e-10 1.01442600e-10]
5,[6.95895449e-04 3.97516847e-10 1.51780740e-10]
6,[6.95895339e-04 4.49035697e-10 2.09487334e-10]
7,[6.95895229e-04 4.93901558e-10 2.73541543e-10]
8,[6.95895119e-04 5.32973574e-10 3.43054703e-10]
9,[6.95895009e-04 5.66999943e-10 4.17253255e-10]
10,[6.95894899e-04 5.96632243e-10 4.95463874e-10]
11,[6.95894789e-04 6.22437910e-10 5.77100531e-10]
12,[6.95894678e-04 6.44911103e-10 6.61653212e-10]
13,[6.95894568e-04 6.64482166e-10 7.48678103e-10]
14,[6.95894458e-04 6.81525870e-10 8.37789039e-10]
15,[6.95894348e-04 6.96368591e-10 9.28650056e-10]
16,[6.95894238e-04 7.09294556e-10 1.02096891e-09]
17,[6.95894128e-04 7.20551288e-10 1.11449142e-09]
18,[6.95894018e-04 7.30354347e-10 1.20899658e-09]
19,[6.95893908e-04 7.38891455e-10 1.30429222e-09]
20,[6.95893797e-04 7.46326093e-10 1.40021134e-09]
21,[6.95893687e-04 7.52800630e-10 1.49660881e-09]
22,[6.95893577e-04 7.58439051e-10 1.59335858e-09]
23,[6.95893467e-04 7.63349329e-10 1.69035118e-09]
24,[6.95893357e-04 7.67625493e-10 1.78749163e-09]
25,[6.95893247e-04 7.71349431e-10 1.88469749e-09]
26,[6.95893137e-04 7.74592456e-10 1.98189732e-09]
27,[6.95893027e-04 7.77416672e-10 2.07902920e-09]
28,[6.95892916e-04 7.79876161e-10 2.17603952e-09]
29,[6.95892806e-04 7.82018023e-10 2.27288192e-09]
30,[6.95892696e-04 7.83883277e-10 2.36951631e-09]
31,[6.95892586e-04 7.85507641e-10 2.46590811e-09]
32,[6.95892476e-04 7.86922224e-10 2.56202750e-09]
33,[6.95892366e-04 7.88154117e-10 2.65784882e-09]
34,[6.95892256e-04 7.89226910e-10 2.75335004e-09]
35,[6.95892146e-04 7.90161150e-10 2.84851225e-09]
36,[6.95892035e-04 7.90974730e-10 2.94331930e-09]
37,[6.95891925e-04 7.91683230e-10 3.03775744e-09]
38,[6.95891815e-04 7.92300220e-10 3.13181495e-09]
39,[6.95891705e-04 7.92837518e-10 3.22548197e-09]
40,[6.95891595e-04 7.93305415e-10 3.31875017e-09]
41,[6.95891485e-04 7.93712873e-10 3.41161262e-09]
42,[6.95891375e-04 7.94067697e-10 3.50406354e-09]
43,[6.95891265e-04 7.94376684e-10 3.59609823e-09]
44,[6.95891154e-04 7.94645753e-10 3.68771284e-09]
45,[6.95891044e-04 7.94880059e-10 3.77890435e-09]
46,[6.95890934e-04 7.95084091e-10 3.86967039e-09]
47,[6.95890824e-04 7.95261759e-10 3.96000919e-09]
48,[6.95890714e-04 7.95416468e-10 4.04991947e-09]
49,[6.95890604e-04 7.95551181e-10 4.13940044e-09]
50,[6.95890494e-04 7.95668482e-10 4.22845165e-09]
51,[6.95890384e-04 7.95770618e-10 4.31707301e-09]
52,[6.95890273e-04 7.95859549e-10 4.40526472e-09]
53,[6.95890163e-04 7.95936979e-10 4.49302722e-09]
54,[6.95890053e-04 7.96004394e-10 4.58036117e-09]
55,[6.95889943e-04 7.96063087e-10 4.66726744e-09]
56,[6.95889833e-04 7.96114184e-10 4.75374702e-09]
57,[6.95889723e-04 7.96158667e-10 4.83980107e-09]
58,[6.95889613e-04 7.96197389e-10 4.92543087e-09]
59,[6.95889503e-04 7.96231094e-10 5.01063780e-09]
60,[6.95889392e-04 7.96260430e-10 5.09542332e-09]
61,[6.95889282e-04 7.96285962e-10 5.17978898e-09]
62,[6.95889172e-04 7.96308180e-10 5.26373638e-09]
63,[6.95889062e-04 7.96327513e-10 5.34726718e-09]
64,[6.95888952e-04 7.96344333e-10 5.43038310e-09]
65,[6.95888842e-04 7.96358964e-10 5.51308589e-09]
66,[6.95888732e-04 7.96371690e-10 5.59537732e-09]
67,[6.95888621e-04 7.96382756e-10 5.67725922e-09]
68,[6.95888511e-04 7.96392377e-10 5.75873340e-09]
69,[6.95888401e-04 7.96400739e-10 5.83980172e-09]
70,[6.95888291e-04 7.96408006e-10 5.92046605e-09]
71,[6.95888181e-04 7.96414317e-10 6.00072827e-09]
72,[6.95888071e-04 7.96419797e-10 6.08059025e-09]
73,[6.95887961e-04 7.96424553e-10 6.16005390e-09]
74,[6.95887851e-04 7.96428679e-10 6.23912111e-09]
75,[6.95887740e-04 7.96432256e-10 6.31779378e-09]
76,[6.95887630e-04 7.96435354e-10 6.39607381e-09]
77,[6.95887520e-04 7.96438036e-10 6.47396310e-09]
78,[6.95887410e-04 7.96440356e-10 6.55146355e-09]
79,[6.95887300e-04 7.96442359e-10 6.62857706e-09]
80,[6.95887190e-04 7.96444088e-10 6.70530552e-09]
81,[6.95887080e-04 7.96445577e-10 6.78165081e-09]
82,[6.95886970e-04 7.96446858e-10 6.85761482e-09]
83,[6.95886859e-04 7.96447957e-10 6.93319944e-09]
84,[6.95886749e-04 7.96448897e-10 7.00840652e-09]
85,[6.95886639e-04 7.96449700e-10 7.08323795e-09]
86,[6.95886529e-04 7.96450383e-10 7.15769557e-09]
87,[6.95886419e-04 7.96450962e-10 7.23178123e-09]
88,[6.95886309e-04 7.96451449e-10 7.30549680e-09]
89,[6.95886199e-04 7.96451858e-10 7.37884409e-09]
90,[6.95886089e-04 7.96452197e-10 7.45182495e-09]
91,[6.95885978e-04 7.96452476e-10 7.52444119e-09]
92,[6.95885868e-04 7.96452703e-10 7.59669463e-09]
93,[6.95885758e-04 7.96452884e-10 7.66858707e-09]
94,[6.95885648e-04 7.96453026e-10 7.74012032e-09]
95,[6.95885538e-04 7.96453133e-10 7.81129615e-09]
96,[6.95885428e-04 7.96453210e-10 7.88211636e-09]
97,[6.95885318e-04 7.96453261e-10 7.95258272e-09]
98,[6.95885208e-04 7.96453288e-10 8.02269698e-09]
99,[6.95885097e-04 7.96453296e-10 8.09246091e-09]
100,[6.95884987e-04 7.96453287e-10 8.16187626e-09]
101,[6.95884877e-04 7.96453263e-10 8.23094476e-09]
102,[6.95884767e-04 7.96453225e-10 8.29966815e-09]
103,[6.95884657e-04 7.96453176e-10 8.36804815e-09]
104,[6.95884547e-04 7.96453117e-10 8.43608646e-09]
105,[6.95884437e-04 7.96453050e-10 8.50378481e-09]
106,[6.95884327e-04 7.96452975e-10 8.57114488e-09]
107,[6.95884216e-04 7.96452893e-10 8.63816837e-09]
108,[6.95884106e-04 7.96452806e-10 8.70485696e-09]
109,[6.95883996e-04 7.96452713e-10 8.77121231e-09]
110,[6.95883886e-04 7.96452617e-10 8.83723610e-09]
111,[6.95883776e-04 7.96452516e-10 8.90292997e-09]
112,[6.95883666e-04 7.96452412e-10 8.96829559e-09]
113,[6.95883556e-04 7.96452306e-10 9.03333458e-09]
114,[6.95883446e-04 7.96452196e-10 9.09804858e-09]
115,[6.95883335e-04 7.96452085e-10 9.16243921e-09]
116,[6.95883225e-04 7.96451972e-10 9.22650809e-09]
117,[6.95883115e-04 7.96451857e-10 9.29025683e-09]
118,[6.95883005e-04 7.96451740e-10 9.35368702e-09]
119,[6.95882895e-04 7.96451623e-10 9.41680026e-09]
120,[6.95882785e-04 7.96451504e-10 9.47959812e-09]
121,[6.95882675e-04 7.96451385e-10 9.54208220e-09]
122,[6.95882565e-04 7.96451264e-10 9.60425404e-09]
123,[6.95882454e-04 7.96451143e-10 9.66611522e-09]
124,[6.95882344e-04 7.96451021e-10 9.72766728e-09]
125,[6.95882234e-04 7.96450899e-10 9.78891178e-09]
126,[6.95882124e-04 7.96450776e-10 9.84985024e-09]
127,[6.95882014e-04 7.96450653e-10 9.91048420e-09]
128,[6.95881904e-04 7.96450529e-10 9.97081517e-09]
129,[6.95881794e-04 7.96450405e-10 1.00308447e-08]
130,[6.95881684e-04 7.96450281e-10 1.00905742e-08]
131,[6.95881573e-04 7.96450156e-10 1.01500053e-08]
132,[6.95881463e-04 7.96450032e-10 1.02091394e-08]
133,[6.95881353e-04 7.96449907e-10 1.02679780e-08]
134,[6.95881243e-04 7.96449782e-10 1.03265226e-08]
135,[6.95881133e-04 7.96449657e-10 1.03847747e-08]
136,[6.95881023e-04 7.96449532e-10 1.04427357e-08]
137,[6.95880913e-04 7.96449406e-10 1.05004070e-08]
138,[6.95880803e-04 7.96449281e-10 1.05577902e-08]
139,[6.95880692e-04 7.96449155e-10 1.06148866e-08]
140,[6.95880582e-04 7.96449030e-10 1.06716977e-08]
141,[6.95880472e-04 7.96448904e-10 1.07282250e-08]
142,[6.95880362e-04 7.96448778e-10 1.07844698e-08]
143,[6.95880252e-04 7.96448653e-10 1.08404335e-08]
144,[6.95880142e-04 7.96448527e-10 1.08961176e-08]
145,[6.95880032e-04 7.96448401e-10 1.09515234e-08]
146,[6.95879922e-04 7.96448275e-10 1.10066524e-08]
147,[6.95879811e-04 7.96448149e-10 1.10615059e-08]
148,[6.95879701e-04 7.96448024e-10 1.11160853e-08]
149,[6.95879591e-04 7.96447898e-10 1.11703919e-08]
150,[6.95879481e-04 7.96447772e-10 1.12244272e-08]
151,[6.95879371e-04 7.96447646e-10 1.12781925e-08]
152,[6.95879261e-04 7.96447520e-10 1.13316891e-08]
153,[6.95879151e-04 7.96447394e-10 1.13849184e-08]
154,[6.95879041e-04 7.96447268e-10 1.14378817e-08]
155,[6.95878930e-04 7.96447142e-10 1.14905804e-08]
156,[6.95878820e-04 7.96447016e-10 1.15430157e-08]
157,[6.9587871e-04 7.9644689e-10 1.1595189e-08]
158,[6.95878600e-04 7.96446764e-10 1.16471016e-08]
159,[6.95878490e-04 7.96446638e-10 1.16987548e-08]
160,[6.95878380e-04 7.96446512e-10 1.17501499e-08]
161,[6.95878270e-04 7.96446386e-10 1.18012881e-08]
162,[6.95878160e-04 7.96446260e-10 1.18521709e-08]
163,[6.95878049e-04 7.96446134e-10 1.19027993e-08]
164,[6.95877939e-04 7.96446008e-10 1.19531748e-08]
165,[6.95877829e-04 7.96445882e-10 1.20032986e-08]
166,[6.95877719e-04 7.96445756e-10 1.20531719e-08]
167,[6.95877609e-04 7.96445630e-10 1.21027959e-08]
168,[6.95877499e-04 7.96445504e-10 1.21521720e-08]
169,[6.95877389e-04 7.96445378e-10 1.22013014e-08]
170,[6.95877279e-04 7.96445252e-10 1.22501852e-08]
171,[6.95877168e-04 7.96445126e-10 1.22988248e-08]
172,[6.95877058e-04 7.96445000e-10 1.23472214e-08]
173,[6.95876948e-04 7.96444874e-10 1.23953761e-08]
174,[6.95876838e-04 7.96444748e-10 1.24432902e-08]
175,[6.95876728e-04 7.96444621e-10 1.24909648e-08]
176,[6.95876618e-04 7.96444495e-10 1.25384012e-08]
177,[6.95876508e-04 7.96444369e-10 1.25856006e-08]
178,[6.95876398e-04 7.96444243e-10 1.26325641e-08]
179,[6.95876287e-04 7.96444117e-10 1.26792930e-08]
180,[6.95876177e-04 7.96443991e-10 1.27257883e-08]
181,[6.95876067e-04 7.96443865e-10 1.27720513e-08]
182,[6.95875957e-04 7.96443739e-10 1.28180832e-08]
183,[6.95875847e-04 7.96443613e-10 1.28638850e-08]
184,[6.95875737e-04 7.96443487e-10 1.29094579e-08]
185,[6.95875627e-04 7.96443361e-10 1.29548031e-08]
186,[6.95875517e-04 7.96443235e-10 1.29999217e-08]
187,[6.95875406e-04 7.96443109e-10 1.30448149e-08]
188,[6.95875296e-04 7.96442983e-10 1.30894837e-08]
189,[6.95875186e-04 7.96442857e-10 1.31339293e-08]
190,[6.95875076e-04 7.96442731e-10 1.31781528e-08]
191,[6.95874966e-04 7.96442605e-10 1.32221554e-08]
192,[6.95874856e-04 7.96442479e-10 1.32659380e-08]
193,[6.95874746e-04 7.96442353e-10 1.33095019e-08]
194,[6.95874636e-04 7.96442227e-10 1.33528480e-08]
195,[6.95874525e-04 7.96442101e-10 1.33959776e-08]
196,[6.95874415e-04 7.96441975e-10 1.34388917e-08]
197,[6.95874305e-04 7.96441849e-10 1.34815913e-08]
198,[6.95874195e-04 7.96441723e-10 1.35240775e-08]
199,[6.95874085e-04 7.96441597e-10 1.35663514e-08]
200,[6.95873975e-04 7.96441471e-10 1.36084141e-08]
201,[6.95873865e-04 7.96441344e-10 1.36502666e-08]
202,[6.95873755e-04 7.96441218e-10 1.36919100e-08]
203,[6.95873644e-04 7.96441092e-10 1.37333453e-08]
204,[6.95873534e-04 7.96440966e-10 1.37745735e-08]
205,[6.95873424e-04 7.96440840e-10 1.38155957e-08]
206,[6.95873314e-04 7.96440714e-10 1.38564129e-08]
207,[6.95873204e-04 7.96440588e-10 1.38970261e-08]
208,[6.95873094e-04 7.96440462e-10 1.39374364e-08]
209,[6.95872984e-04 7.96440336e-10 1.39776447e-08]
210,[6.95872874e-04 7.96440210e-10 1.40176522e-08]
211,[6.95872763e-04 7.96440084e-10 1.40574597e-08]
212,[6.95872653e-04 7.96439958e-10 1.40970683e-08]
213,[6.95872543e-04 7.96439832e-10 1.41364789e-08]
214,[6.95872433e-04 7.96439706e-10 1.41756926e-08]
215,[6.95872323e-04 7.96439580e-10 1.42147104e-08]
216,[6.95872213e-04 7.96439454e-10 1.42535332e-08]
217,[6.95872103e-04 7.96439328e-10 1.42921620e-08]
218,[6.95871993e-04 7.96439202e-10 1.43305978e-08]
219,[6.95871882e-04 7.96439076e-10 1.43688415e-08]
220,[6.95871772e-04 7.96438950e-10 1.44068940e-08]
221,[6.95871662e-04 7.96438824e-10 1.44447565e-08]
222,[6.95871552e-04 7.96438698e-10 1.44824297e-08]
223,[6.95871442e-04 7.96438572e-10 1.45199147e-08]
224,[6.95871332e-04 7.96438446e-10 1.45572124e-08]
225,[6.95871222e-04 7.96438320e-10 1.45943236e-08]
226,[6.95871112e-04 7.96438194e-10 1.46312495e-08]
227,[6.95871002e-04 7.96438067e-10 1.46679908e-08]
228,[6.95870891e-04 7.96437941e-10 1.47045485e-08]
229,[6.95870781e-04 7.96437815e-10 1.47409235e-08]
230,[6.95870671e-04 7.96437689e-10 1.47771168e-08]
231,[6.95870561e-04 7.96437563e-10 1.48131292e-08]
232,[6.95870451e-04 7.96437437e-10 1.48489616e-08]
233,[6.95870341e-04 7.96437311e-10 1.48846150e-08]
234,[6.95870231e-04 7.96437185e-10 1.49200902e-08]
235,[6.95870121e-04 7.96437059e-10 1.49553881e-08]
236,[6.95870010e-04 7.96436933e-10 1.49905097e-08]
237,[6.95869900e-04 7.96436807e-10 1.50254557e-08]
238,[6.95869790e-04 7.96436681e-10 1.50602271e-08]
239,[6.95869680e-04 7.96436555e-10 1.50948248e-08]
240,[6.95869570e-04 7.96436429e-10 1.51292496e-08]
241,[6.95869460e-04 7.96436303e-10 1.51635023e-08]
242,[6.95869350e-04 7.96436177e-10 1.51975839e-08]
243,[6.95869240e-04 7.96436051e-10 1.52314951e-08]
244,[6.95869129e-04 7.96435925e-10 1.52652369e-08]
245,[6.95869019e-04 7.96435799e-10 1.52988101e-08]
246,[6.95868909e-04 7.96435673e-10 1.53322156e-08]
247,[6.95868799e-04 7.96435547e-10 1.53654540e-08]
248,[6.95868689e-04 7.96435421e-10 1.53985264e-08]
249,[6.95868579e-04 7.96435295e-10 1.54314336e-08]
250,[6.95868469e-04 7.96435169e-10 1.54641762e-08]
251,[6.95868359e-04 7.96435043e-10 1.54967553e-08]
252,[6.95868248e-04 7.96434917e-10 1.55291716e-08]
253,[6.95868138e-04 7.96434790e-10 1.55614258e-08]
254,[6.95868028e-04 7.96434664e-10 1.55935189e-08]
255,[6.95867918e-04 7.96434538e-10 1.56254516e-08]
256,[6.95867808e-04 7.96434412e-10 1.56572248e-08]
257,[6.95867698e-04 7.96434286e-10 1.56888391e-08]
258,[6.95867588e-04 7.96434160e-10 1.57202955e-08]
259,[6.95867478e-04 7.96434034e-10 1.57515947e-08]
260,[6.95867367e-04 7.96433908e-10 1.57827375e-08]
261,[6.95867257e-04 7.96433782e-10 1.58137246e-08]
262,[6.95867147e-04 7.96433656e-10 1.58445569e-08]
263,[6.95867037e-04 7.96433530e-10 1.58752352e-08]
264,[6.95866927e-04 7.96433404e-10 1.59057601e-08]
265,[6.95866817e-04 7.96433278e-10 1.59361325e-08]
266,[6.95866707e-04 7.96433152e-10 1.59663531e-08]
267,[6.95866597e-04 7.96433026e-10 1.59964227e-08]
268,[6.95866486e-04 7.96432900e-10 1.60263420e-08]
269,[6.95866376e-04 7.96432774e-10 1.60561118e-08]
270,[6.95866266e-04 7.96432648e-10 1.60857328e-08]
271,[6.95866156e-04 7.96432522e-10 1.61152058e-08]
272,[6.95866046e-04 7.96432396e-10 1.61445316e-08]
273,[6.95865936e-04 7.96432270e-10 1.61737108e-08]
274,[6.95865826e-04 7.96432144e-10 1.62027442e-08]
275,[6.95865716e-04 7.96432018e-10 1.62316324e-08]
276,[6.95865605e-04 7.96431892e-10 1.62603764e-08]
277,[6.95865495e-04 7.96431766e-10 1.62889767e-08]
278,[6.95865385e-04 7.96431640e-10 1.63174340e-08]
279,[6.95865275e-04 7.96431513e-10 1.63457492e-08]
280,[6.95865165e-04 7.96431387e-10 1.63739228e-08]
281,[6.95865055e-04 7.96431261e-10 1.64019557e-08]
282,[6.95864945e-04 7.96431135e-10 1.64298485e-08]
283,[6.95864835e-04 7.96431009e-10 1.64576019e-08]
284,[6.95864724e-04 7.96430883e-10 1.64852166e-08]
285,[6.95864614e-04 7.96430757e-10 1.65126933e-08]
286,[6.95864504e-04 7.96430631e-10 1.65400327e-08]
287,[6.95864394e-04 7.96430505e-10 1.65672354e-08]
288,[6.95864284e-04 7.96430379e-10 1.65943023e-08]
289,[6.95864174e-04 7.96430253e-10 1.66212338e-08]
290,[6.95864064e-04 7.96430127e-10 1.66480308e-08]
291,[6.95863954e-04 7.96430001e-10 1.66746939e-08]
292,[6.95863844e-04 7.96429875e-10 1.67012237e-08]
293,[6.95863733e-04 7.96429749e-10 1.67276210e-08]
294,[6.95863623e-04 7.96429623e-10 1.67538863e-08]
295,[6.95863513e-04 7.96429497e-10 1.67800204e-08]
296,[6.95863403e-04 7.96429371e-10 1.68060239e-08]
297,[6.95863293e-04 7.96429245e-10 1.68318974e-08]
298,[6.95863183e-04 7.96429119e-10 1.68576417e-08]
299,[6.95863073e-04 7.96428993e-10 1.68832572e-08]
300,[6.95862963e-04 7.96428867e-10 1.69087448e-08]
301,[6.95862852e-04 7.96428741e-10 1.69341050e-08]
302,[6.95862742e-04 7.96428615e-10 1.69593385e-08]
303,[6.95862632e-04 7.96428489e-10 1.69844459e-08]
304,[6.95862522e-04 7.96428363e-10 1.70094278e-08]
305,[6.95862412e-04 7.96428237e-10 1.70342848e-08]
306,[6.95862302e-04 7.96428110e-10 1.70590177e-08]
307,[6.95862192e-04 7.96427984e-10 1.70836269e-08]
308,[6.95862082e-04 7.96427858e-10 1.71081132e-08]
309,[6.95861971e-04 7.96427732e-10 1.71324771e-08]
310,[6.95861861e-04 7.96427606e-10 1.71567192e-08]
311,[6.95861751e-04 7.96427480e-10 1.71808402e-08]
312,[6.95861641e-04 7.96427354e-10 1.72048407e-08]
313,[6.95861531e-04 7.96427228e-10 1.72287212e-08]
314,[6.95861421e-04 7.96427102e-10 1.72524824e-08]
315,[6.95861311e-04 7.96426976e-10 1.72761248e-08]
316,[6.95861201e-04 7.96426850e-10 1.72996491e-08]
317,[6.95861090e-04 7.96426724e-10 1.73230558e-08]
318,[6.95860980e-04 7.96426598e-10 1.73463456e-08]
319,[6.95860870e-04 7.96426472e-10 1.73695189e-08]
320,[6.95860760e-04 7.96426346e-10 1.73925765e-08]
321,[6.95860650e-04 7.96426220e-10 1.74155188e-08]
322,[6.95860540e-04 7.96426094e-10 1.74383465e-08]
323,[6.95860430e-04 7.96425968e-10 1.74610601e-08]
324,[6.95860320e-04 7.96425842e-10 1.74836602e-08]
325,[6.95860209e-04 7.96425716e-10 1.75061473e-08]
326,[6.95860099e-04 7.96425590e-10 1.75285221e-08]
327,[6.95859989e-04 7.96425464e-10 1.75507851e-08]
328,[6.95859879e-04 7.96425338e-10 1.75729368e-08]
329,[6.95859769e-04 7.96425212e-10 1.75949778e-08]
330,[6.95859659e-04 7.96425086e-10 1.76169086e-08]
331,[6.95859549e-04 7.96424960e-10 1.76387298e-08]
332,[6.95859439e-04 7.96424834e-10 1.76604420e-08]
333,[6.95859329e-04 7.96424707e-10 1.76820457e-08]
334,[6.95859218e-04 7.96424581e-10 1.77035415e-08]
335,[6.95859108e-04 7.96424455e-10 1.77249298e-08]
336,[6.95858998e-04 7.96424329e-10 1.77462112e-08]
337,[6.95858888e-04 7.96424203e-10 1.77673863e-08]
338,[6.95858778e-04 7.96424077e-10 1.77884555e-08]
339,[6.95858668e-04 7.96423951e-10 1.78094195e-08]
340,[6.95858558e-04 7.96423825e-10 1.78302787e-08]
341,[6.95858448e-04 7.96423699e-10 1.78510336e-08]
342,[6.95858337e-04 7.96423573e-10 1.78716848e-08]
343,[6.95858227e-04 7.96423447e-10 1.78922328e-08]
344,[6.95858117e-04 7.96423321e-10 1.79126782e-08]
345,[6.95858007e-04 7.96423195e-10 1.79330213e-08]
346,[6.95857897e-04 7.96423069e-10 1.79532628e-08]
347,[6.95857787e-04 7.96422943e-10 1.79734031e-08]
348,[6.95857677e-04 7.96422817e-10 1.79934428e-08]
349,[6.95857567e-04 7.96422691e-10 1.80133823e-08]
350,[6.95857456e-04 7.96422565e-10 1.80332222e-08]
351,[6.95857346e-04 7.96422439e-10 1.80529630e-08]
352,[6.95857236e-04 7.96422313e-10 1.80726050e-08]
353,[6.95857126e-04 7.96422187e-10 1.80921490e-08]
354,[6.95857016e-04 7.96422061e-10 1.81115952e-08]
355,[6.95856906e-04 7.96421935e-10 1.81309443e-08]
356,[6.95856796e-04 7.96421809e-10 1.81501966e-08]
357,[6.95856686e-04 7.96421683e-10 1.81693528e-08]
358,[6.95856575e-04 7.96421557e-10 1.81884132e-08]
359,[6.95856465e-04 7.96421431e-10 1.82073784e-08]
360,[6.95856355e-04 7.96421305e-10 1.82262488e-08]
361,[6.95856245e-04 7.96421178e-10 1.82450248e-08]
362,[6.95856135e-04 7.96421052e-10 1.82637071e-08]
363,[6.95856025e-04 7.96420926e-10 1.82822959e-08]
364,[6.95855915e-04 7.96420800e-10 1.83007919e-08]
